data/brazil_local_processed.tsv : 0.3595505617977528, (32/89)
data/israel_local_processed.tsv : 0.25268817204301075, (47/186)
data/japan_local_processed.tsv : 0.20238095238095238, (34/168)
data/spain_local_processed.tsv : 0.392, (49/125)